-2.874582
-2.790881
-2.707180
-2.625109
-2.545483
-2.468953
-2.396010
-2.326496
-2.260470
-2.197684
-2.137819
-2.080908
-2.026740
-1.975217
-1.926164
-1.879497
-1.835124
-1.792643
-1.751809
-1.712408
-1.674361
-1.637537
-1.601916
-1.567420
-1.533991
-1.501475
-1.469870
-1.439243
-1.409518
-1.380648
-1.352526
-1.325119
-1.298371
-1.272192
-1.246648
-1.221755
-1.197509
-1.173850
-1.150610
-1.127717
-1.105186
-1.083062
-1.061363
-1.040074
-1.019232
-0.998823
-0.978865
-0.959372
-0.940344
-0.921689
-0.903325
-0.885267
-0.867572
-0.850186
-0.833039
-0.816136
-0.799475
-0.782992
-0.766640
-0.750423
-0.734423
-0.718722
-0.703357
-0.688343
-0.673632
-0.659150
-0.644888
-0.630809
-0.616881
-0.603071
-0.589369
-0.575820
-0.562412
-0.549169
-0.536146
-0.523345
-0.510784
-0.498444
-0.486300
-0.474304
-0.462424
-0.450615
-0.438897
-0.427267
-0.415689
-0.404170
-0.392739
-0.381393
-0.370177
-0.359113
-0.348220
-0.337477
-0.326847
-0.316282
-0.305746
-0.295243
-0.284807
-0.274479
-0.264315
-0.254367
-0.244637
-0.235113
-0.225755
-0.216499
-0.207245
-0.197987
-0.188719
-0.179484
-0.170297
-0.161126
-0.151967
-0.142806
-0.133714
-0.124761
-0.115973
-0.107314
-0.098782
-0.090357
-0.082001
-0.073712
-0.065494
-0.057329
-0.049173
-0.040994
-0.032772
-0.024527
-0.016313
-0.008144
-0.000000
0.008158
0.016312
0.024468
0.032559
0.040512
0.048304
0.055914
0.063403
0.070761
0.078006
0.085145
0.092171
0.099085
0.105833
0.112398
0.118826
0.125146
0.131368
0.137538
0.143655
0.149720
0.155766
0.161877
0.168030
0.174201
0.180344
0.186374
0.192274
0.198062
0.203697
0.209081
0.214089
0.218674
0.222887
0.226814
0.230500
0.233959
0.237384
0.241004
0.244897
0.249169
0.253782
0.258729
0.263957
0.269574
0.275599
0.282051
0.288989
0.296364
0.304061
0.312042
0.320199
0.328418
0.336661
0.344941
0.353216
0.361560
0.369921
0.378312
0.386725
0.395120
0.403412
0.411700
0.419966
0.428304
0.436603
0.444734
0.452665
0.460565
0.468446
0.476222
0.483860
0.491250
0.498244
0.504708
0.510610
0.515834
0.520365
0.524113
0.527170
0.529667
0.531819
0.533966
0.536276
0.538997
0.542347
0.546325
0.550838
0.555753
0.560943
0.566482
0.572383
0.578595
0.584997
0.591581
0.598007
0.603953
0.609072
0.613229
0.616600
0.619453
0.621973
0.624322
0.626685
0.629328
0.632320
0.635567
0.639560
0.645378
0.654259
0.668391
0.689650
0.718518
0.754098
0.794689
0.838049
0.882577
0.928158
0.974237
1.020763
1.067188
1.112999
1.158271
1.203217
1.248465
1.293622
1.338778